%restrições não lineares
function [c,ceq] = EX_PNL_nlcon(x)
    %g(t)+k*q(t)*(a0+a1*x(t)+a2*x(t)^2+a3*x(t)^3+a4*x(t)^4-b0 -b1*q(t)-b2*q(t)^2-b3*q(t)^3-b4*q(t)^4 )-d(t) = 0
    a0 = 7.352460e+02;
    a1 = 3.496580e-03;
    a2 = -1.974370e-07;
    a3 = 6.917050e-12;
    a4 = -9.773650e-17;
    b0 = 6.71633e+02;
    b1 = 1.01738e-03;
    b2 = -1.79972e-07;
    b3 = 2.51328e-11;
    b4 = 0.00000e+00;
    k = 0.008633;    
    c = []; %<=0
    % =0
    %t=1
    ceq(1) = x(13)+k*x(25)*(a0+a1*x(1)+a2*(x(1)^2)+a3*(x(1)^3)+a4*(x(1)^4)-b0-b1*x(25)-b2*(x(25)^2)-b3*(x(25)^3)-b4*(x(25)^4))-1312;
    %t=2
    ceq(2) = x(14)+k*x(26)*(a0+a1*x(2)+a2*(x(2)^2)+a3*(x(2)^3)+a4*(x(2)^4)-b0-b1*x(26)-b2*(x(26)^2)-b3*(x(26)^3)-b4*(x(26)^4))-1312;    
    %t=3
    ceq(3) = x(15)+k*x(27)*(a0+a1*x(3)+a2*(x(3)^2)+a3*(x(3)^3)+a4*(x(3)^4)-b0-b1*x(27)-b2*(x(27)^2)-b3*(x(27)^3)-b4*(x(27)^4))-1312;        
    %t=4
    ceq(4) = x(16)+k*x(28)*(a0+a1*x(4)+a2*(x(4)^2)+a3*(x(4)^3)+a4*(x(4)^4)-b0-b1*x(28)-b2*(x(28)^2)-b3*(x(28)^3)-b4*(x(28)^4))-1312;
    %t=5
    ceq(5) = x(17)+k*x(29)*(a0+a1*x(5)+a2*(x(5)^2)+a3*(x(5)^3)+a4*(x(5)^4)-b0-b1*x(29)-b2*(x(29)^2)-b3*(x(29)^3)-b4*(x(29)^4))-1312;
    %t=6
    ceq(6) = x(18)+k*x(30)*(a0+a1*x(6)+a2*(x(6)^2)+a3*(x(6)^3)+a4*(x(6)^4)-b0-b1*x(30)-b2*(x(30)^2)-b3*(x(30)^3)-b4*(x(30)^4))-1312;
    %t=7
    ceq(7) = x(19)+k*x(31)*(a0+a1*x(7)+a2*(x(7)^2)+a3*(x(7)^3)+a4*(x(7)^4)-b0-b1*x(31)-b2*(x(31)^2)-b3*(x(31)^3)-b4*(x(31)^4))-1312;
    %t=8
    ceq(8) = x(20)+k*x(32)*(a0+a1*x(8)+a2*(x(8)^2)+a3*(x(8)^3)+a4*(x(8)^4)-b0-b1*x(32)-b2*(x(32)^2)-b3*(x(32)^3)-b4*(x(32)^4))-1312;
    %t=9
    ceq(9) = x(21)+k*x(33)*(a0+a1*x(9)+a2*(x(9)^2)+a3*(x(9)^3)+a4*(x(9)^4)-b0-b1*x(33)-b2*(x(33)^2)-b3*(x(33)^3)-b4*(x(33)^4))-1312;
    %t=10
    ceq(10) = x(22)+k*x(34)*(a0+a1*x(10)+a2*(x(10)^2)+a3*(x(10)^3)+a4*(x(10)^4)-b0-b1*x(34)-b2*(x(34)^2)-b3*(x(34)^3)-b4*(x(34)^4))-1312;
    %t=11
    ceq(11) = x(23)+k*x(35)*(a0+a1*x(11)+a2*(x(11)^2)+a3*(x(11)^3)+a4*(x(11)^4)-b0-b1*x(35)-b2*(x(35)^2)-b3*(x(35)^3)-b4*(x(35)^4))-1312;
    %t=12
    ceq(12) = x(24)+k*x(36)*(a0+a1*x(12)+a2*(x(12)^2)+a3*(x(12)^3)+a4*(x(12)^4)-b0-b1*x(36)-b2*(x(36)^2)-b3*(x(36)^3)-b4*(x(36)^4))-1312;       
end